29 42
111111111111111111111111111111111111111111
100000000100000001000000100000001000000001
100000000000000000000000000000000000000001
100022222200022222222222222220002222220001
100000000000000000000000000000000000000001
100222222220022222222222222220022222222001
100000000000000000000000000000000000000001
100222222220022222222222222220022222222001
100000000000000000000000000000000000000001
100222222220022222222222222220022222222001
100000000000000000000000000000000000000001
100222222220022222222222222220022222222001
100000000000000000000000000000000000000001
100222222220022222222222222220022222222001
100000000000000000000000000000000000000001
100222222220022222222222222220022222222001
100000000000000000000000000000000000000001
100222222220022222222222222220022222222001
100000000000000000000000000000000000000001
100222222220022222222222222220022222222001
100000000000000000000000000000000000000001
100000000000022222222222222220000000000001
100000000000000000000000000000000000000001
100000000000000000000000000000000000000001
100000000000022222222222222220000000000001
800000000000000000000000000000000000000008
800222222000000000000000000000000222222008
800000000000000000000000000000000000000008
111111111188811111111111111118881111111111