31 42 0
111111111111111111111111111111111111111111
100000000100000001000000100000001000000001
100033333300033333333333333330003333330001
100022222200022222222222222220002222220001
100333333330033333333333333330033333333001
100222222220022222222222222220022222222001
100333333330033333333333333330033333333001
100222222220022222222222222220022222222001
100333333330033333333333333330033333333001
100222222220022222222222222220022222222001
100333333330033333333333333330033333333001
100222222220022222222222222220022222222001
100333333330033333333333333330033333333001
100222222220022222222222222220022222222001
100333333330033333333333333330033333333001
100222222220022222222222222220022222222001
100333333330033333333333333330033333333001
100222222220022222222222222220022222222001
100333333330033333333333333330033333333001
100222222220022222222222222220022222222001
100000000000033333333333333330000000000001
100000000000022222222222222220000000000001
100000000000033333333333333330000000000001
100000000000022222222222222220000000000001
100000000000000000000000000000000000000001
100000000000000000000000000000000000000001
100000000000022222222222222220000000000001
400000000000000000000000030000000000000004
400222222000000000000000000000000222222004
100000000000000000000000000000000000000001
111111111144111111111111111111441111111111
