20 34 0.6
1111111111111111111111111111111111
1000000000000000000000000000000001
1033333300333333333333330033333301
1022222200222222222222220022222201
1033333300333333333333330033333301
1022222200222222222222220022222201
1033333300333333333333330033333301
1022222200222222222222220022222201
1033333300333333333333330033333301
1022222200222222222222220022222201
1033333300333333333333330033333301
1022222200222222222222220022222201
1033333300333333333333330033333301
1022222200222222222222220022222201
1000000000000000000000000000000001
1000000000000000000000000000000001
1000000000222222222222220000000001
1222220000000000000000300000222221
1000000000000000000000000000000001
1111111144111111111111114411111111

