20 34 0.8
1111111111111111111111111111111111
1000000000000000000000000000000001
1033300000003330033333000000000001
1022222200222222222222220022222201
1033000000033330300003300000330001
1022222200222222222222220022222201
1000330300000333000030000000303001
1022222200222222222222220022222201
1000033300333303300033000003300001
1022222200222222222222220022222201
1003003000000333033033000003033001
1022222200222222222222220022222201
1003300300003333030030000000000001
1022222200222222222222220022222201
1000000000000000000000000000000001
1000000000000000000000000000000001
1000000000222222222222220000000001
1222220000000000000000300000222221
1000000000000000000000000000000001
1111111111111111111111114411111111

