./simulator -B 2.5 -t 1000 -l 1 -L 10 -c 500 -s 0.25 -S 0.95 -A 10 -k 14
105
137.349
575.496
1768.94
1663.04
1828.08
1707.4
1769.71
1656.47
1539.57
1407.97
1271.08
1131.25
2100.89
1828.38
1822.22
1672.71
1729.47
1602.71
1718.3
1574.5
1428.85
1289.6
1131.25
1003.05
2114.12
1885.75
1841.73
1710.78
1713.05
1613.06
1678.75
1573.46
1465.37
1363.3
1237.16
1139.09
2000.72
1774.25
1824.05
1666.95
1742.75
1595.32
1736.9
1570.59
1406.49
1250.5
1083.04
946.181
2112.62
1887.3
1842.52
1712.24
1713.32
1613.9
1678.86
1575.97
1469.54
1368.51
1241.02
1141.49
1997.61
1770.82
1824
1666.01
1744.09
1595.46
1738.58
1571.15
1406
1248.96
1080.65
942.988
2111.14
1885.96
1842.15
1711.73
1713.56
1613.7
1679.46
1575.98
1468.95
1367.28
1239.11
1138.92
2000.96
1774.03
1824.05
1667
1742.84
1595.56
1736.84
1570.69
1406.7
1250.81
1083.39
946.577
2112.7
1887.36
1842.53
